#JOSM PicLayer plugin calibration data
#Fri Jul 27 10:39:50 BRT 2018
POSITION_Y=-1739084.480368711
POSITION_X=-2590638.436388148
M12=48168.146453864
M11=0.04224861255222625
M10=-1.6997837977272948E-4
M02=-90883.23430590668
INITIAL_SCALE=3334.88655117315
M01=2.1885282159291567E-4
M00=0.04207245459738202
